Owned=0
Owner=The State
Message=24-7
ExtortionBy=No-One
Entrance_X=1929.191894
Entrance_Y=-1776.197753
Entrance_Z=13.546875
Exit_X=-30.929899
Exit_Y=-92.011398
Exit_Z=1003.546875
LevelNeeded=30
Price=10000000
EntranceCost=0
Till=0
Locked=0
Interior=18
Products=-6
MaxProducts=0
ProductPrice=0
VirtualWorld=1
InteriorNr=12
Setted=1
