Owned=0
Owner=The State
Message=24-7
ExtortionBy=No-One
Entrance_X=1833.620239
Entrance_Y=-1842.475585
Entrance_Z=13.578125
Exit_X=-25.132600
Exit_Y=-139.067001
Exit_Z=1003.546875
LevelNeeded=5
Price=350000
EntranceCost=0
Till=0
Locked=0
Interior=16
Products=49994
MaxProducts=0
ProductPrice=150
VirtualWorld=2
InteriorNr=12
Setted=1
