Owned=0
Owner=The State
Message=24-7
ExtortionBy=No-One
Entrance_X=1928.840087
Entrance_Y=-1776.456787
Entrance_Z=13.546875
Exit_X=-25.132600
Exit_Y=-139.067001
Exit_Z=1003.546875
LevelNeeded=5
Price=350000
EntranceCost=0
Till=0
Locked=0
Interior=16
Products=-7
MaxProducts=0
ProductPrice=0
VirtualWorld=1
InteriorNr=12
Setted=1
