Owned=0
Owner=The State
Message=24-7
ExtortionBy=No-One
Entrance_X=1833.698608
Entrance_Y=-1842.437500
Entrance_Z=13.578125
Exit_X=-28.261899
Exit_Y=-31.767400
Exit_Z=1003.546875
LevelNeeded=5
Price=350000
EntranceCost=0
Till=0
Locked=0
Interior=4
Products=0
MaxProducts=0
ProductPrice=0
VirtualWorld=2
InteriorNr=12
Setted=1
