Owned=0
Owner=The State
Message=24-7
ExtortionBy=No-One
Entrance_X=1352.297729
Entrance_Y=-1759.157836
Entrance_Z=13.507812
Exit_X=-27.391899
Exit_Y=-58.252899
Exit_Z=1003.546875
LevelNeeded=5
Price=350000
EntranceCost=0
Till=0
Locked=0
Interior=6
Products=0
MaxProducts=0
ProductPrice=0
VirtualWorld=3
InteriorNr=12
Setted=1
